200 seeds per policy at default tuning

policy        runs  points  best  depth  max  reach  places  harvests  claims  quests  relics  %tiles  pops/place   arc  stalled  capped
------------  ----  ------  ----  -----  ---  -----  ------  --------  ------  ------  ------  ------  ----------  ----  -------  ------
random-legal   200     120   445    5.0    9      5      24         1       0       0       0      51        0.09  0.77        0       0
blind          200     272   788    5.0    6      5      58        10       0       0       6     100        0.62  0.39        0       0
rush           200     733  1574   13.0   18     13      92        25       1       0      14      83        0.64  0.46        0       0
farm           200    1016  3197   10.0   16     10     103        20       1       0      12     100        0.66  0.47        0       0
hoard          200    1016  3197   10.0   16     10     103        20       1       0      12       0        0.66  0.47        0       0
trickle        200     717  1446   10.0   18     10      93        25       1       0      15      79        0.65  0.57        0       0
bank3          200     693  1402   10.0   18     10      93        25       1       0      15      47        0.64  0.56        0       0
bank15         200    1064  3362   11.0   17     11     104        24       1       0      14      99        0.66  0.50        0       0
bank20         200    1066  3844   11.0   17     11     104        24       1       0      14     100        0.66  0.51        0       0
bank40         200    1066  3844   11.0   17     11     104        24       1       0      14     100        0.66  0.51        0       0
bank80         200    1066  3844   11.0   17     11     104        24       1       0      14     100        0.66  0.51        0       0
seeker         200    1020  3174   10.0   16     10      82        13       3       0      12      99        0.53  0.54        0       0
chooser        200     737  1895   10.0   14     10      85        20       1       0      12       0        0.63  0.45        0       0
survivor       200    1016  3197   10.0   16     10     103        20       1       0      12     100        0.66  0.47        0       0
spender        200    1326  3993   11.0   18     11     115        26       1       0       2     100        0.67  0.53        0       0
timid          200     638  1293    9.0   18      9      87        28       1       0      16     100        0.64  0.52        0       0
greedy         200     473   990    9.0   15      9      74        42       1       0      22       0        0.62  0.59        0       0
tourist        200     440  1905   22.0   59     22      22         0       0       0       0     100        0.00  0.00        0       0

arc = where the biggest harvest landed, as a fraction of the run
stalled/capped are bugs, not results — both should be 0
